3.505706490201595443e+03
3.505706490201595443e+03
3.505706490201595443e+03
3.505706490201595443e+03
3.470998351086887851e+03
3.470998351086887851e+03
3.462766064322104739e+03
3.462766064322104739e+03
3.462766064322104739e+03
3.462766064322104739e+03
3.408809588519117824e+03
3.383525085098046929e+03
3.383525085098046929e+03
3.383525085098046929e+03
3.383525085098046929e+03
3.383525085098046929e+03
3.383525085098046929e+03
3.383525085098046929e+03
3.383525085098046929e+03
3.366683060808110440e+03
3.366683060808110440e+03
3.366683060808110440e+03
3.366683060808110440e+03
3.366683060808110440e+03
3.366683060808110440e+03
3.366683060808110440e+03
3.366683060808110440e+03
3.366683060808110440e+03
3.356599257652116648e+03
3.338447288132537324e+03
3.338447288132537324e+03
3.338447288132537324e+03
3.313967702674931843e+03
3.313967702674931843e+03
3.313967702674931843e+03
3.313967702674931843e+03
3.304926487472290319e+03
3.273309416133423838e+03
3.273309416133423838e+03
3.273309416133423838e+03
3.273309416133423838e+03
3.222333662949139125e+03
3.222333662949139125e+03
3.222333662949139125e+03
3.222333662949139125e+03
3.222333662949139125e+03
3.222333662949139125e+03
3.222333662949139125e+03
3.222333662949139125e+03
3.222333662949139125e+03
3.178605482134079921e+03
3.178605482134079921e+03
3.166533921613570328e+03
3.166533921613570328e+03
3.159925195431625525e+03
3.159925195431625525e+03
3.159925195431625525e+03
3.159925195431625525e+03
3.138493410169329763e+03
3.088892340499523016e+03
3.077853544225976293e+03
3.080065245392170254e+03
3.080065245392170254e+03
3.050285794524810626e+03
3.049542890148107290e+03
3.049542890148107290e+03
3.026573072275091363e+03
3.026573072275091363e+03
3.026573072275091363e+03
3.026573072275091363e+03
3.024806905566185378e+03
3.019209276836299068e+03
3.019209276836299068e+03
3.019209276836299068e+03
3.019209276836299068e+03
3.000516672499875312e+03
2.979456401395518242e+03
2.979456401395518242e+03
2.977527591681069680e+03
2.977527591681069680e+03
2.977527591681069680e+03
2.964098105863756246e+03
2.964098105863756246e+03
2.934748483652640061e+03
2.934748483652640061e+03
2.917133564630124056e+03
2.913737305229938102e+03
2.915041134551597679e+03
2.914790026790952652e+03
2.914790026790952652e+03
2.914790026790952652e+03
2.890132030926477455e+03
2.890132030926477455e+03
2.870465839958152173e+03
2.870465839958152173e+03
2.870465839958152173e+03
2.870465839958152173e+03
2.848547693588385755e+03
2.848547693588385755e+03
2.848547693588385755e+03
2.848547693588385755e+03
2.831432793847533503e+03
2.831432793847533503e+03
2.831432793847533503e+03
2.831432793847533503e+03
2.831432793847533503e+03
2.825437527690247862e+03
2.825437527690247862e+03
2.825437527690247862e+03
2.824787829627879546e+03
2.818464833034279764e+03
2.818464833034279764e+03
2.818464833034279764e+03
2.818464833034279764e+03
2.818464833034279764e+03
2.818464833034279764e+03
2.818464833034279764e+03
2.818464833034279764e+03
2.818464833034279764e+03
2.818464833034279764e+03
2.818464833034279764e+03
2.818464833034279764e+03
2.818464833034279764e+03
2.820746631333592632e+03
2.820746631333592632e+03
2.812416141719007101e+03
2.793537523845708165e+03
2.768587456023251434e+03
2.768587456023251434e+03
2.768587456023251434e+03
2.768587456023251434e+03
2.768587456023251434e+03
2.768587456023251434e+03
2.769267777328319426e+03
2.769267777328319426e+03
2.769267777328319426e+03
2.769267777328319426e+03
2.772756233612238248e+03
2.772756233612238248e+03
2.772756233612238248e+03
2.773795814797524145e+03
2.773795814797524145e+03
2.773795814797524145e+03
2.772478242949603555e+03
2.772478242949603555e+03
2.766692702457264659e+03
2.766692702457264659e+03
2.766692702457264659e+03
2.766692702457264659e+03
2.766692702457264659e+03
2.766692702457264659e+03
2.766692702457264659e+03
2.766692702457264659e+03
2.748682352155494300e+03
2.748682352155494300e+03
2.748682352155494300e+03
2.748304930082010287e+03
2.748304930082010287e+03
2.748304930082010287e+03
2.749113334408048559e+03
2.745737225041671081e+03
2.745737225041671081e+03
2.745737225041671081e+03
2.745737225041671081e+03
2.720523482146522383e+03
2.720523482146522383e+03
2.711555659540865236e+03
2.706040527521845434e+03
2.706040527521845434e+03
2.696026205037201180e+03
2.696555956542840249e+03
2.696555956542840249e+03
2.696555956542840249e+03
2.691934726579164817e+03
2.691934726579164817e+03
2.688125223645967708e+03
2.678069611758266547e+03
2.678069611758266547e+03
2.678069611758266547e+03
2.678069611758266547e+03
2.678069611758266547e+03
2.678069611758266547e+03
2.678069611758266547e+03
2.678077805237096982e+03
2.678644445008299954e+03
2.678644445008299954e+03
2.670041731139286185e+03
2.670041731139286185e+03
2.668096258753391339e+03
2.662750870760124599e+03
2.651164824109493566e+03
2.651164824109493566e+03
2.652434516324256037e+03
2.652434516324256037e+03
2.652434516324256037e+03
2.652434516324256037e+03
2.646853495473052135e+03
2.646550668919438976e+03
2.646550668919438976e+03
2.628468624925028053e+03
2.627276968474197020e+03
2.623538689111187523e+03
2.623538689111187523e+03
2.622778123450827479e+03
2.622778123450827479e+03
2.622778123450827479e+03
2.622778123450827479e+03
2.622778123450827479e+03
2.620071356582877343e+03
2.620071356582877343e+03
2.620071356582877343e+03
2.619981252796113949e+03
2.619981252796113949e+03
2.619981252796113949e+03
2.617039794246828933e+03
2.617039794246828933e+03
2.617039794246828933e+03
2.614200330351648518e+03
2.611899925228084157e+03
2.608245213340183909e+03
2.602594117340451703e+03
2.602594117340451703e+03
2.602594117340451703e+03
2.602594117340451703e+03
2.602594117340451703e+03
2.602594117340451703e+03
2.604479251257923352e+03
2.604479251257923352e+03
2.603280949780036281e+03
2.598757206463228158e+03
2.597184133943263078e+03
2.597714329347036255e+03
2.599236688493718702e+03
2.599236688493718702e+03
2.601676664371745574e+03
2.597986846923167377e+03
2.597986846923167377e+03
2.597986846923167377e+03
2.597986846923167377e+03
2.597861296677322116e+03
2.597165982170160532e+03
2.597165982170160532e+03
2.593464916958984759e+03
2.593996178153015080e+03
2.592168551137183385e+03
2.592758181145241906e+03
2.592758181145241906e+03
2.592758181145241906e+03
2.589406746564900004e+03
2.589406746564900004e+03
2.590930842825322543e+03
2.587660552310486310e+03
2.586461159371607209e+03
2.590200299252437617e+03
2.590335115938227318e+03
2.590335115938227318e+03
2.590335115938227318e+03
2.590519361582956662e+03
2.590839617951296532e+03
2.589365487856789514e+03
2.589365487856789514e+03
2.589365487856789514e+03
2.589365487856789514e+03
2.591666910013395864e+03
2.595481728144682165e+03
2.595481728144682165e+03
2.597807642779899652e+03
2.594828478959173481e+03
2.594828478959173481e+03
2.596083368633066129e+03
2.595500775218416948e+03
2.595500775218416948e+03
2.595500775218416948e+03
2.595500775218416948e+03
2.595500775218416948e+03
2.595500775218416948e+03
2.595500775218416948e+03
2.594486382116437198e+03
2.593090754893146368e+03
2.593090754893146368e+03
2.593090754893146368e+03
2.593090754893146368e+03
2.593090754893146368e+03
2.594147056442781377e+03
2.594147056442781377e+03
2.594147056442781377e+03
2.594147056442781377e+03
2.591933765782447153e+03
2.593580794895908184e+03
2.594005163563337646e+03
2.594005163563337646e+03
2.594005163563337646e+03
2.594005163563337646e+03
2.591797568195302119e+03
2.591797568195302119e+03
2.590491637926551448e+03
2.590491637926551448e+03
2.589542172935956842e+03
2.589542172935956842e+03
2.589542172935956842e+03
2.590302174328056026e+03
2.590302174328056026e+03
2.590302174328056026e+03
2.590302174328056026e+03
2.590302174328056026e+03
2.590302174328056026e+03
2.590302174328056026e+03
2.590302174328056026e+03
2.590302174328056026e+03
2.590981143492385399e+03
2.590981143492385399e+03
2.590981143492385399e+03
2.590981143492385399e+03
2.591894609278556800e+03
2.591894609278556800e+03
2.591894609278556800e+03
2.591894609278556800e+03
2.589971373731691074e+03
2.587381430353090764e+03
2.588145606524711638e+03
2.588830294104751374e+03
2.588830294104751374e+03
2.588830294104751374e+03
2.587635170494242630e+03
2.587635170494242630e+03
2.588328058054445137e+03
2.588328058054445137e+03
2.589677750860881133e+03
2.588710093179864998e+03
2.588710093179864998e+03
2.588850429366048957e+03
2.588850429366048957e+03
2.588850429366048957e+03
2.588850429366048957e+03
2.588850429366048957e+03
2.588850429366048957e+03
2.590138967833482639e+03
2.590138967833482639e+03
2.594225344709840101e+03
2.592650529858756727e+03
2.592650529858756727e+03
2.591821577640820578e+03
2.591644808790180832e+03
2.591276508065936014e+03
2.591276508065936014e+03
2.591276508065936014e+03
2.592319707379125248e+03
2.593093742955285506e+03
2.593847288807583936e+03
2.597920286149344975e+03
2.597920286149344975e+03
2.596034383794436962e+03
2.595201732430792617e+03
2.595201732430792617e+03
2.595201732430792617e+03
2.594263831845156346e+03
2.594263831845156346e+03
2.594263831845156346e+03
2.594263831845156346e+03
2.590101506245888231e+03
2.588534326906489241e+03
2.589873079449963370e+03
2.589873079449963370e+03
2.589452433683194613e+03
2.588464739531339546e+03
2.588464739531339546e+03
2.590632226154884393e+03
2.590632226154884393e+03
2.590632226154884393e+03
2.592427619326617787e+03
2.589756226024563148e+03
2.589756226024563148e+03
2.588214592711703517e+03
2.586971175854656849e+03
2.587462506706959630e+03
2.590050070507637884e+03
2.591609494782377624e+03
2.591609494782377624e+03
2.592876704991842416e+03
2.592876704991842416e+03
2.591871209563134016e+03
2.594307658438731323e+03
2.593072095489502317e+03
2.593072095489502317e+03
2.592053090741850610e+03
2.591498002022373385e+03
2.591498002022373385e+03
2.591498002022373385e+03
2.590741506677162306e+03
2.589535659821014633e+03
2.593207851978311737e+03
2.592281126761042287e+03
2.592281126761042287e+03
2.592281126761042287e+03
2.594459943882338393e+03
2.594459943882338393e+03
2.594459943882338393e+03
2.595543436769109576e+03
2.592582756792173313e+03
2.591596343869427528e+03
2.593015322276653023e+03
2.592185762310476093e+03
2.591404777074702452e+03
2.588847215755730303e+03
2.588565442357470602e+03
2.588380939488745298e+03
2.588380939488745298e+03
2.588380939488745298e+03
2.587156710608193862e+03
2.587156710608193862e+03
2.587328074553660826e+03
2.587920540488185452e+03
2.587491335717459151e+03
2.588034509645890466e+03
2.588034509645890466e+03
2.588034509645890466e+03
2.588034509645890466e+03
2.587889292243420186e+03
2.590148405521193126e+03
2.590148405521193126e+03
2.588631923872336756e+03
2.588631923872336756e+03
2.588631923872336756e+03
2.588631923872336756e+03
2.588631923872336756e+03
2.593144642973760256e+03
2.595093693489795896e+03
2.588588455835634704e+03
2.588588455835634704e+03
2.588588455835634704e+03
2.590497795973281427e+03
2.590497795973281427e+03
2.590497795973281427e+03
2.590497795973281427e+03
2.590497795973281427e+03
2.590497795973281427e+03
2.590497795973281427e+03
2.590497795973281427e+03
2.590497795973281427e+03
2.589535610769724371e+03
2.589535610769724371e+03
2.589535610769724371e+03
2.589535610769724371e+03
2.591614500450585183e+03
2.589622037690497109e+03
2.591681723184549810e+03
2.592310015828465566e+03
2.592310015828465566e+03
2.592310015828465566e+03
2.590858709901749535e+03
2.590858709901749535e+03
2.591887337456549176e+03
2.591887337456549176e+03
2.591887337456549176e+03
2.589220620142679309e+03
2.589220620142679309e+03
2.589220620142679309e+03
2.590667548793497190e+03
2.590667548793497190e+03
2.590667548793497190e+03
2.590951943551090608e+03
2.590553346335282185e+03
2.590553346335282185e+03
2.590553346335282185e+03
2.593673012050226134e+03
2.592551788113353723e+03
2.592551788113353723e+03
2.592551788113353723e+03
2.593875868787871241e+03
2.593875868787871241e+03
2.592544052314812234e+03
2.588987425716708913e+03
2.588987425716708913e+03
2.588987425716708913e+03
2.586793941858156359e+03
2.586793941858156359e+03
2.588260043514779682e+03
2.588088613605709270e+03
2.589520058713622348e+03
2.589520058713622348e+03
2.587528802672635265e+03
2.587528802672635265e+03
2.587771909833834798e+03
2.587364407611027218e+03
2.589442986217096859e+03
2.589065096487199298e+03
2.589065096487199298e+03
2.589065096487199298e+03
2.589753009174495219e+03
2.590953335026954392e+03
2.590953335026954392e+03
2.591767644029289841e+03
2.591767644029289841e+03
2.592438579872810806e+03
2.594838525623787973e+03
2.594123001953744279e+03
2.597068464616350866e+03
2.598478149688306985e+03
2.596311847998260419e+03
2.596311847998260419e+03
2.598349420845786881e+03
2.598349420845786881e+03
2.602382763247729599e+03
2.600134990231502343e+03
2.600134990231502343e+03
2.600134990231502343e+03
2.600212108702172372e+03
2.600212108702172372e+03
2.600212108702172372e+03
2.598671636768872304e+03
2.598034539032940302e+03
2.595823006617516967e+03
2.594584742716557685e+03
2.595827204568479374e+03
2.595743831787667204e+03
2.597711618708342939e+03
2.598275612340029966e+03
2.598275612340029966e+03
2.598275612340029966e+03
2.598585434757264011e+03
2.600785678821134297e+03
2.595986982912042549e+03
2.595986982912042549e+03
2.595986982912042549e+03
2.594415389145980043e+03
2.597158810148500834e+03
2.597158810148500834e+03
2.597158810148500834e+03
2.597158810148500834e+03
2.597158810148500834e+03
2.594767503663076695e+03
2.594767503663076695e+03
2.592101382798616669e+03
2.591320578334162747e+03
2.597525313382695458e+03
2.597525313382695458e+03
2.597525313382695458e+03
2.597743493405812387e+03
2.597743493405812387e+03
2.597978622385031485e+03
2.597978622385031485e+03
2.597978622385031485e+03
2.597978622385031485e+03
2.599435363693011823e+03
2.593837261007163761e+03
2.593837261007163761e+03
2.593837261007163761e+03
2.594173201460497694e+03
2.593537494172440347e+03
2.590602031289377919e+03
2.590602031289377919e+03
2.588442832974360954e+03
2.588442832974360954e+03
2.588442832974360954e+03
2.588442832974360954e+03
2.588442832974360954e+03
2.588442832974360954e+03
2.589714225081296263e+03
2.587454879015273946e+03
2.587454879015273946e+03
2.587333786253396283e+03
2.587333786253396283e+03
2.587333786253396283e+03
2.587817017906148067e+03
2.587817017906148067e+03
2.588984929168090275e+03
2.588984929168090275e+03
2.588984929168090275e+03
2.588984929168090275e+03
2.588984929168090275e+03
2.589580045084333960e+03
2.588347735748449850e+03
2.588347735748449850e+03
2.588347735748449850e+03
2.589939267741181084e+03
2.588766188621819310e+03
2.588629717462412373e+03
2.589418559158379139e+03
2.588232728483130813e+03
2.588232728483130813e+03
2.588232728483130813e+03
2.588232728483130813e+03
2.588232728483130813e+03
2.588232728483130813e+03
2.588232728483130813e+03
2.588069632858660952e+03
2.588462204522627871e+03
2.588688451961305418e+03
2.588342957951961580e+03
2.589204847754649563e+03
2.589204847754649563e+03
2.589057342354044522e+03
2.590089701443033391e+03
2.590089701443033391e+03
2.591280373346312444e+03
2.594144257240719526e+03
2.594144257240719526e+03
2.589991928125607046e+03
2.592763811276498927e+03
2.593491026687277554e+03
2.599671136268067585e+03
2.594688719807801135e+03
2.595328202990286172e+03
2.595328202990286172e+03
2.593328269323190398e+03
2.590061181983046936e+03
2.590964072759642477e+03
2.595701948462286055e+03
2.595701948462286055e+03
2.595701948462286055e+03
2.595701948462286055e+03
2.595701948462286055e+03
2.595701948462286055e+03
2.596877723538928421e+03
2.596877723538928421e+03
2.596877723538928421e+03
2.593740122993074692e+03
2.593740122993074692e+03
2.593740122993074692e+03
2.593740122993074692e+03
2.594835256095729164e+03
2.593134717698633267e+03
2.593037238687995341e+03
2.595178261185213614e+03
2.594888654475121712e+03
2.597401541122634626e+03
2.596091561934419587e+03
2.592077830589266796e+03
2.591395916074132401e+03
2.589977447093066985e+03
2.593395500192842064e+03
2.593395500192842064e+03
2.593395500192842064e+03
2.593743887330816960e+03
2.591092307044786139e+03
2.594253626916514804e+03
2.593461477744210242e+03
2.596333887321334259e+03
2.596412697400483921e+03
2.596412697400483921e+03
2.596412697400483921e+03
2.594275933335956779e+03
2.592387149266352935e+03
2.590798565591744591e+03
2.591224964660939804e+03
2.591170368993753073e+03
2.593699192326213961e+03
2.593972731605052104e+03
2.594243688608267348e+03
2.594243688608267348e+03
2.592425741262897645e+03
2.591210512250065221e+03
2.589240566454055170e+03
2.589240566454055170e+03
2.591829887722809417e+03
2.591829887722809417e+03
2.589986052147675309e+03
2.594529119428753802e+03
2.593203321011895241e+03
2.592970364235783563e+03
2.592970364235783563e+03
2.592970364235783563e+03
2.594415496001032352e+03
2.591415899383235683e+03
2.592926406551001492e+03
2.590990766817385975e+03
2.590990766817385975e+03
2.590969322352551899e+03
2.590969322352551899e+03
2.590969322352551899e+03
2.591245103483342973e+03
2.591245103483342973e+03
2.592682715677391570e+03
2.592682715677391570e+03
2.592682715677391570e+03
2.588688453520332587e+03
2.586832063354265301e+03
2.586832063354265301e+03
2.586927110989880930e+03
2.586927110989880930e+03
2.586963932827950885e+03
2.586963932827950885e+03
2.586963932827950885e+03
2.586963932827950885e+03
2.586963932827950885e+03
2.587308435216108592e+03
2.587308435216108592e+03
2.587308435216108592e+03
2.588784398852150844e+03
2.589745341665864544e+03
2.589745341665864544e+03
2.590411398681925220e+03
2.590411398681925220e+03
2.589382769604597343e+03
2.589382769604597343e+03
2.589563199542012171e+03
2.587266241364614416e+03
2.587266241364614416e+03
2.587266241364614416e+03
2.587643871589571972e+03
2.587235886703184406e+03
2.587235886703184406e+03
2.587713452612702440e+03
2.587713452612702440e+03
2.588678798055987500e+03
2.588678798055987500e+03
2.588678798055987500e+03
2.588678798055987500e+03
2.588678798055987500e+03
2.588678798055987500e+03
2.588678798055987500e+03
2.588399144033805896e+03
2.588110133144498377e+03
2.588110133144498377e+03
2.588110133144498377e+03
2.588110133144498377e+03
2.588110133144498377e+03
2.588110133144498377e+03
2.588110133144498377e+03
2.588110133144498377e+03
2.588110133144498377e+03
2.588501548703023218e+03
2.589482184854095067e+03
2.589482184854095067e+03
2.587437460770627240e+03
2.587868592904792422e+03
2.588789862989518952e+03
2.588789862989518952e+03
2.590184573062991603e+03
2.590184573062991603e+03
2.589827792093970857e+03
2.589369990163137572e+03
2.589369990163137572e+03
2.589197209660083445e+03
2.591405491658695155e+03
2.591405491658695155e+03
2.592224431132227437e+03
2.592224431132227437e+03
2.593070814077650994e+03
2.590611655397376126e+03
2.588260665365549357e+03
2.588260665365549357e+03
2.588260665365549357e+03
2.588260665365549357e+03
2.588260665365549357e+03
2.588260665365549357e+03
2.588260665365549357e+03
2.589456373597140555e+03
2.589456373597140555e+03
2.589099978684537746e+03
2.589099978684537746e+03
2.589099978684537746e+03
2.589099978684537746e+03
2.588863097879286670e+03
2.588863097879286670e+03
2.588759142389496446e+03
2.589650403123699107e+03
2.590143990028577718e+03
2.590143990028577718e+03
2.590143990028577718e+03
2.591373819339760303e+03
2.591373819339760303e+03
2.591373819339760303e+03
2.591373819339760303e+03
2.591529134948460523e+03
2.591529134948460523e+03
2.591529134948460523e+03
2.590944308387924593e+03
2.590497013319983125e+03
2.590497013319983125e+03
2.590497013319983125e+03
2.590497013319983125e+03
2.590497013319983125e+03
2.590497013319983125e+03
2.594160306060476614e+03
2.594160306060476614e+03
2.594160306060476614e+03
2.589897313923596812e+03
2.589897313923596812e+03
2.589997921749668876e+03
2.591075501568252093e+03
2.590920811980861799e+03
2.590533047569198970e+03
2.590815182712175556e+03
2.590815182712175556e+03
2.589457960617652134e+03
2.591832885150077345e+03
2.591832885150077345e+03
2.589880003183267036e+03
2.589880003183267036e+03
2.589880003183267036e+03
2.589880003183267036e+03
2.589880003183267036e+03
2.589880003183267036e+03
2.589880003183267036e+03
2.591034708162721927e+03
2.591034708162721927e+03
2.591034708162721927e+03
2.589769299055224110e+03
2.589769299055224110e+03
2.590382951283194416e+03
2.590382951283194416e+03
2.590382951283194416e+03
2.590487340405820305e+03
2.590487340405820305e+03
2.588038660327109028e+03
2.587003748352823095e+03
2.587003748352823095e+03
2.587003748352823095e+03
2.586260824372990101e+03
2.586260824372990101e+03
2.586260824372990101e+03
2.586260824372990101e+03
2.586260824372990101e+03
2.586260824372990101e+03
2.586260824372990101e+03
2.586260824372990101e+03
2.587041285421220891e+03
2.586713525690558527e+03
2.588792865358322615e+03
2.588890822309102987e+03
2.588705083639392342e+03
2.588705083639392342e+03
2.586561258544182238e+03
2.588265949821080540e+03
2.587751680061268416e+03
2.587751680061268416e+03
2.588312337534587641e+03
2.590263947667849607e+03
2.587908231291009997e+03
2.587022475364663478e+03
2.586212319779894642e+03
2.585973555009409210e+03
2.586838961531215318e+03
2.586838961531215318e+03
2.585914883767596621e+03
2.588178638959455839e+03
2.589098485286517644e+03
2.589495517032052248e+03
2.589495517032052248e+03
2.589495517032052248e+03
2.589495517032052248e+03
2.591719441072838436e+03
2.591719441072838436e+03
2.589665299753122781e+03
2.589665299753122781e+03
2.589665299753122781e+03
2.589665299753122781e+03
2.589274874273255591e+03
2.589119222801555225e+03
2.589119222801555225e+03
2.590587152221930410e+03
2.590587152221930410e+03
2.590443570535840990e+03
2.597765864018764660e+03
2.597765864018764660e+03
2.594054484080082602e+03
2.594054484080082602e+03
2.594054484080082602e+03
2.594480690712850446e+03
2.594480690712850446e+03
2.596502454423004110e+03
2.596502454423004110e+03
2.596502454423004110e+03
2.594707682234417916e+03
2.593590506819186885e+03
2.593328662726415587e+03
2.593328662726415587e+03
2.590664348501799395e+03
2.589154766018895316e+03
2.589154766018895316e+03
2.589154766018895316e+03
2.591138641333362557e+03
2.594614832054998715e+03
2.594614832054998715e+03
2.597846642157682254e+03
2.597846642157682254e+03
2.596580719126250642e+03
2.596580719126250642e+03
2.596580719126250642e+03
2.596580719126250642e+03
2.596580719126250642e+03
2.596580719126250642e+03
2.600376265026222427e+03
2.600376265026222427e+03
2.597726459660475939e+03
2.597726459660475939e+03
2.594711884346662828e+03
2.594668137279840721e+03
2.592276459871763109e+03
2.592742350468336554e+03
2.592518097607459822e+03
2.592518097607459822e+03
2.592518097607459822e+03
2.594212536127068233e+03
2.594212536127068233e+03
2.594212536127068233e+03
2.594212536127068233e+03
2.594212536127068233e+03
2.594212536127068233e+03
2.592076985785772649e+03
2.592076985785772649e+03
2.592076985785772649e+03
2.590446897509031260e+03
2.590446897509031260e+03
2.598938528018961279e+03
2.598938528018961279e+03
2.598938528018961279e+03
2.592792080618695309e+03
2.591089055742148048e+03
2.591089055742148048e+03
2.588797663500541603e+03
2.588462459888615740e+03
2.587794554055032677e+03
2.587794554055032677e+03
2.587794554055032677e+03
2.587794554055032677e+03
2.587794554055032677e+03
2.587794554055032677e+03
2.587794554055032677e+03
2.587794554055032677e+03
2.587794554055032677e+03
2.587794554055032677e+03
2.587143827179065738e+03
2.587143827179065738e+03
2.586936153432222454e+03
2.586936153432222454e+03
2.588508619559757790e+03
2.588508619559757790e+03
2.586910213164956986e+03
2.586910213164956986e+03
2.586910213164956986e+03
2.586542195444019853e+03
2.586542195444019853e+03
2.587241951447555948e+03
2.587767984614273701e+03
2.594645071875019312e+03
2.594645071875019312e+03
2.594645071875019312e+03
2.594470028260162053e+03
2.590916491398273138e+03
2.590916491398273138e+03
2.590916491398273138e+03
2.590916491398273138e+03
2.591380812682117266e+03
2.589670415515904097e+03
2.590658762462722734e+03
2.590658762462722734e+03
2.593672815141805586e+03
2.593672815141805586e+03
2.593672815141805586e+03
2.592303001993180715e+03
2.592303001993180715e+03
2.592303001993180715e+03
2.592806444272509907e+03
2.591047823203383359e+03
2.591047823203383359e+03
2.591047823203383359e+03
2.590330279286450605e+03
2.597263176001184547e+03
2.598370846598609205e+03
2.597821186103972195e+03
2.597821186103972195e+03
2.599507641623178642e+03
2.596211922167240118e+03
2.594911998637922807e+03
2.594911998637922807e+03
2.593728943532941230e+03
2.593728943532941230e+03
2.589500497397299569e+03
2.589500497397299569e+03
2.588573582750037531e+03
2.588335414454556940e+03
2.588335414454556940e+03
2.589050512457343302e+03
2.589050512457343302e+03
2.589050512457343302e+03
2.589050512457343302e+03
2.589050512457343302e+03
2.588821377896010290e+03
2.591019712523644557e+03
2.591019712523644557e+03
2.591019712523644557e+03
2.591019712523644557e+03
2.591019712523644557e+03
2.593194182461697892e+03
2.593194182461697892e+03
2.593194182461697892e+03
2.593194182461697892e+03
2.595375712766764082e+03
2.595375712766764082e+03
2.592056060949304992e+03
2.593803157164390996e+03
2.593803157164390996e+03
2.595952212884164055e+03
2.594792835152567022e+03
2.596650449059089624e+03
2.596650449059089624e+03
2.596650449059089624e+03
2.593797112294231283e+03
